time	1	2	3
0	0.002	0.002	0.002
6	0.014	0.015	0.012
18	0.016	0.012	0.01
27	0.011	0.008	0.015
42	0.011	0.021	0.018
54	0.016	0.012	0.016
67	0.019	0.02	0.018
79	0.023	0.025	0.026
90	0.029	0.036	0.044
97	0.036	0.042	0.043
102	0.046	0.04	0.042
114	0.06	0.051	0.053
121	0.092	0.097	0.109
127	0.076	0.09	0.107
138	0.099	0.118	0.108
150	0.16	0.184	0.197
163	0.249	0.247	0.259
174	0.343	0.332	0.325
186	0.472	0.466	0.5
199	0.609	0.605	0.624
212	0.942	0.931	0.931
223	1.144	1.136	1.158
238	1.114	1.146	1.155
247	1.13	1.139	1.115
